0
70
76
70
76
80
87
68
63
72
93
93
87
69
73
69
74
91
73
68
106
80
94
78
97
79
64
77
79
63
95
66
66
66
66
66
66
66
66
66
66
66
66
66
66
66
66
66
66
66
66
66
66
66
66
66
66
66
66
66
66
66
66
66
66
66
66
66
66
66
66
66
66
66
66
66
66
66
66
66
66
66
66
66
66
66
66
66
66
66
66
66
66
66
66
66
66
66
66
66
66
66
66
66
66
66
66
66
66
66
66
66
66
66
66
66
66
66
66
66
66
66
66
9122
7143
3993
81
103
75
89
73
85
77
90
68
65
63
63
75
79
79
90
70
88
84
92
73
95
92
75
78
115
98
68
122
72
60
67
89
70
72
67
96
78
86
68
68
78
68
67
82
83
84
73
93
64
61
61
61
83
67
87
71
69
106
67
77
113
106
93
105
96
74
66
85
83
75
125
112
86
83
102
65
90
78
59
59
65
82
81
98
97
74
78
98
91
73
81
78
90
91
737587779
737587779
105
113
78
83
94
79
105
83
66
75
88
73
63
69
88
92
78
75
72
75
82
79
87
80
101
81
81
76
80
82
82
103
82
65
76
73
85
86
78
64
59
59
102
79
75
139
126
75
80
139
70
96
97
78
70
148
78
73
91
68
63
74
76
93
80
65
94
76
108
104
85
78
94
91
72
84
69
69
79
72
86
69
101
73
73
85
73
72
66
66
68
68
81
78
68
78
79
131
87
65
95
83
89
76
83
62
63
93
72
76
63
71
75
81
75
62
73
74
62
72
64
101
73
75
99
99
125
125
171
191
228
228
100
71
66
107
79
73
125
95
71
74
69
69
80
72
80
64
97
75
109
105
89
66
66
71
86
98
66
84
68
78
81
99
88
80
69
110
72
71
64
72
76
76
65
77
73
68
88
79
71
87
81
91
88
72
67
77
68
69
66
77
94
69
69
59
59
94
82
113
74
95
96
73
105
114
89
74
83
80
72
83
64
64
70
78
72
67
67
75
78
60
90
152
125
63
63
72
103
95
67
68
68
74
64
85
88
78
83
59
59
124
114
77
77
77
77
399
399
399
571
543
610
564
608
608
635
624
671
643
680
680
680
761
761
777
777
811
852
852
852
852
1107
1093
1093
1207
1244
1244
1302
1333
1312
1359
1325
1325
1366
1343
1343
1343
1343
1343
1658
1617
1548
1466
1344
1234
1171
885
693
538
342
247
103
70
73
79
70
73
77
67
67
67
84
63
63
71
72
72
69
70
72
74
83
87
91
73
57
57
70
70
75
81
71
59
59
83
74
69
87
70
62
66
66
68
68
74
67
70
84
96
71
73
74
103
82
75
121
76
63
63
73
81
102
66
79
83
76
74
85
88
72
86
74
105
82
82
116
80
99
88
63
63
107
131
69
64
72
72
82
130
76
79
99
68
69
67
65
86
86
76
89
76
80
89
76
85
69
67
86
85
98
90
71
68
79
93
68
65
103
75
63
85
70
71
75
71
83
99
70
79
84
80
72
62
75
74
79
60
60
78
82
66
99
73
83
99
94
67
82
75
66
80
68
70
77
60
60
77
107
65
65
64
70
77
79
78
66
80
76
113
66
66
76
83
70
70
78
64
68
73
86
71
84
95
79
97
92
76
71
63
67
67
84
58
74
71
111
80
68
85
77
77
101
71
87
79
79
80
71
131
74
71
147
86
74
75
74
86
70
77
90
88
61
61
78
78
114
70
73
73
82
67
100
90
104
114
107
101
143
126
72
78
84
72
70
71
87
75
79
62
62
86
97
73
66
79
86
77
86
82
70
86
64
76
78
74
83
92
87
106
120
87
110
74
90
74
89
88
112
111
83
69
85
79
72
81
75
68
78
124
108
82
84
90
75
72
81
91
71
62
96
76
93
93
102
98
92
71
85
85
91
88
94
80
102
58
79
70
74
89
100
74
82
82
121
99
79
149
84
94
113
105
67
100
67
67
87
88
64
64
84
88
86
94
79
95
85
89
73
83
68
62
70
69
85
73
96
72
70
78
75
92
85
105
85
72
67
77
84
72
65
65
70
64
74
67
71
67
126
68
82
90
95
80
73
81
73
83
76
65
78
60
60
70
101
69
87
70
68
77
70
76
89
72
81
73
65
77
79
68
68
80
76
73
73
67
73
65
68
77
83
86
73
78
82
90
71
69
90
76
77
75
75
75
105
106
88
102
59
59
84
72
81
73
69
70
80
70
70
63
63
94
156
148
108
85
123
80
79
91
78
65
82
71
71
70
90
65
65
74
70
70
109
70
68
71
64
64
72
77
83
86
69
65
75
76
79
72
80
77
73
78
72
71
91
62
78
96
73
92
118
103
83
117
77
77
82
69
87
73
72
76
76
74
94
76
62
96
70
74
72
72
73
91
67
79
68
78
69
106
57
57
89
78
68
88
74
68
73
79
107
62
62
122
85
92
92
108
79
79
66
68
71
74
78
73
76
76
77
68
81
80
64
71
79
83
79
67
67
69
97
88
81
66
82
64
64
142
75
67
73
61
82
72
76
70
63
63
79
83
93
71
106
76
69
83
96
78
64
81
86
85
82
70
136
71
75
97
80
68
71
86
86
85
80
61
61
61
61
86
87
72
74
78
138
127
72
86
91
99
76
76
75
90
69
75
82
72
77
73
113
101
99
71
119
101
78
77
86
69
69
83
103
73
80
86
79
80
100
87
72
89
71
100
69
86
78
86
80
65
71
88
59
59
67
67
76
75
90
76
82
96
65
65
90
65
71
76
72
80
85
74
61
61
74
98
98
94
94
128
62
69
100
73
78
85
89
83
81
67
71
81
153
126
78
127
138
110
87
80
81
81
76
63
63
103
98
98
77
105
79
88
72
90
79
63
63
86
97
88
81
70
73
142
81
75
87
86
71
74
68
80
74
86
103
103
90
76
78
81
81
83
88
71
80
106
72
72
66
86
77
85
86
80
74
70
73
71
82
80
60
60
76
109
77
63
78
71
78
75
78
62
84
82
96
64
78
75
89
111
72
84
58
58
119
94
69
74
65
92
77
85
99
88
96
66
59
59
56
56
78
85
69
73
85
82
84
81
72
82
64
67
67
68
89
70
56
56
74
80
72
72
73
64
95
68
67
87
73
73
69
57
57
86
79
81
72
68
71
88
118
77
71
72
74
67
76
86
69
76
76
94
70
75
76
76
73
80
74
75
75
127
96
93
93
94
93
70
79
67
81
73
96
79
65
86
66
69
77
92
84
66
69
76
145
91
60
74
77
92
113
65
65
85
66
66
76
64
64
73
69
104
90
78
56
56
75
100
81
57
57
81
75
80
68
66
88
97
83
68
85
82
78
77
71
144
77
70
78
81
62
74
79
64
64
73
78
78
67
74
90
81
92
75
83
72
72
77
74
72
84
90
71
83
65
66
100
83
66
88
71
87
78
82
80
69
86
66
73
63
63
69
56
56
74
81
56
56
77
131
128
128
226
144
110
157
89
90
82
60
71
89
76
74
79
72
97
79
71
94
67
65
80
73
79
73
59
58
58
78
85
66
70
65
65
65
65
67
68
80
70
73
60
60
68
69
74
80
70
90
69
71
90
84
70
67
67
87
91
68
71
81
81
68
68
143
70
78
84
84
198
223
247
247
239
239
146
101
77
75
80
87
72
66
68
91
70
88
87
62
62
63
69
65
105
84
53
53
78
91
73
80
66
81
92
77
72
84
63
84
88
72
80
66
81
80
150
66
70
69
67
67
68
59
59
75
59
59
65
71
66
85
70
66
77
79
80
72
76
75
81
73
65
84
82
87
74
67
68
110
75
75
100
72
79
79
89
70
86
83
62
78
94
75
70
69
68
74
71
72
71
67
72
72
81
71
76
113
72
77
78
73
61
61
78
82
73
84
84
90
81
103
87
68
89
70
61
61
83
67
86
67
61
73
69
89
87
73
77
73
77
68
85
118
77
81
67
72
82
80
95
83
69
89
66
72
62
80
58
58
72
80
68
75
70
93
72
66
67
67
67
95
73
69
66
91
66
66
63
63
89
73
80
73
67
77
63
80
74
128
91
81
62
70
67
78
66
78
71
74
78
83
79
62
84
75
113
64
73
75
71
94
87
76
80
65
75
66
66
71
85
77
66
66
66
64
69
74
74
74
81
64
73
72
71
69
60
60
60
69
59
59
74
70
64
66
149
75
93
78
83
66
68
64
91
84
82
61
82
97
83
66
66
64
72
72
65
64
62
62
73
89
69
84
76
55
62
62
70
70
127
77
72
82
60
72
74
86
68
75
96
64
79
104
73
76
76
85
68
91
116
120
76
72
90
74
74
75
151
88
149
137
88
58
58
87
80
77
76
74
67
77
65
58
58
74
76
63
69
122
62
62
87
67
82
80
70
77
71
72
69
72
67
81
74
74
90
58
58
149
84
74
75
81
82
77
75
96
65
79
133
62
70
72
72
97
83
65
65
72
95
68
71
70
79
76
79
69
69
73
70
70
79
103
61
69
75
67
60
60
59
59
70
73
70
83
86
70
72
84
85
68
68
73
65
85
74
79
65
69
79
68
71
79
65
65
82
60
60
70
67
74
83
82
70
86
97
72
69
88
79
102
75
65
74
67
89
99
71
78
81
67
92
82
64
64
75
73
91
78
81
75
74
65
79
69
77
69
67
71
74
65
89
64
64
77
70
70
95
65
62
62
88
56
56
69
73
68
83
64
81
84
72
90
65
71
70
83
87
78
66
83
79
70
58
58
75
77
84
60
60
81
96
74
62
104
67
84
62
62
102
89
71
74
119
100
84
99
66
90
67
77
89
71
75
81
76
69
70
66
65
77
67
75
67
69
74
69
65
58
58
88
71
71
62
58
58
71
77
91
81
69
75
69
86
75
83
85
74
60
74
57
57
96
78
87
100
105
70
74
80
81
85
83
73
67
74
66
78
76
84
71
93
62
81
71
74
70
70
82
72
86
70
83
70
79
66
81
89
76
87
63
77
77
126
94
83
78
100
65
75
75
127
84
78
81
65
83
76
66
149
151
83
126
126
162
63
63
80
68
90
83
89
77
65
65
108
91
61
61
87
72
104
82
81
79
100
92
69
73
99
79
81
72
75
85
67
67
75
62
103
103
148
69
78
67
112
91
72
77
63
63
70
66
71
68
72
66
93
59
59
79
78
63
63
70
95
79
83
69
86
78
92
69
84
63
69
69
70
122
101
77
70
67
67
63
55
55
68
88
90
68
82
77
93
85
85
75
72
67
68
75
78
76
79
75
99
70
97
93
110
86
93
64
64
157
73
71
82
71
67
104
107
93
75
67
85
73
97
76
73
71
138
68
69
73
82
66
84
64
64
80
76
76
127
92
72
72
81
84
64
78
92
76
85
81
85
89
84
71
68
89
81
61
74
74
75
99
124
82
75
85
86
80
77
110
81
69
75
74
74
99
71
62
73
106
63
63
129
82
106
74
76
85
79
85
109
72
79
86
85
106
80
72
88
75
76
112
99
67
69
84
66
69
69
57
57
79
75
73
74
78
77
101
73
81
88
85
86
87
75
70
70
105
91
76
79
78
78
76
91
84
91
75
76
71
83
73
75
88
70
83
128
65
120
62
105
77
70
140
121
68
61
61
82
58
58
105
105
64
77
99
88
93
86
73
72
74
68
88
75
68
57
57
83
65
63
84
87
64
70
70
64
85
96
109
79
83
80
81
103
59
59
100
74
79
96
80
73
63
84
84
71
67
82
78
80
84
67
76
78
76
86
71
80
91
74
105
91
70
66
81
81
84
72
78
98
64
76
85
71
76
90
82
78
86
91
78
81
122
96
82
78
68
99
69
91
103
69
121
110
86
77
81
65
84
97
76
107
75
71
83
72
76
66
82
67
70
78
78
99
73
83
78
93
70
78
75
60
60
72
62
76
72
80
84
104
66
75
95
93
69
150
125
69
77
71
85
73
79
90
65
65
79
99
77
128
62
62
77
60
60
80
74
73
65
78
74
70
75
75
87
75
85
75
72
103
93
71
89
73
67
67
81
94
67
83
66
70
79
72
84
68
88
101
64
80
63
58
85
81
63
101
87
90
83
83
74
68
62
75
64
87
64
93
93
94
73
84
73
72
74
68
71
120
72
69
103
75
76
71
79
84
87
61
67
79
81
82
82
90
83
90
84
105
70
114
65
73
67
104
83
83
81
115
70
77
76
61
70
122
90
93
94
60
84
70
86
69
92
86
74
85
70
95
82
76
80
68
72
81
91
79
97
90
67
67
68
70
61
75
74
68
86
69
81
70
74
74
87
90
88
63
75
70
83
87
101
77
71
67
60
63
81
63
63
77
74
76
77
72
74
74
74
75
106
106
69
57
57
75
75
66
66
65
76
77
76
76
124
71
80
66
95
64
86
62
62
71
74
72
75
59
59
72
76
68
79
78
78
191
148
147
81
128
154
84
75
74
82
73
72
71
84
122
96
78
71
71
95
95
81
80
70
74
64
72
84
120
90
87
131
110
109
90
80
79
67
76
79
71
81
67
67
67
72
70
95
81
72
81
69
65
91
90
83
70
76
85
70
87
72
84
87
78
116
75
83
83
76
80
88
93
102
85
79
69
63
63
82
65
111
92
71
109
79
67
67
79
73
73
58
58
92
64
88
80
64
68
82
82
95
71
106
91
76
108
90
74
68
59
59
73
73
76
71
69
104
63
71
94
94
94
94
94
94
94
94
94
94
94
1017
111
81
91
73
65
88
84
87
62
98
73
87
86
93
67
92
78
71
71
84
75
71
69
86
68
68
64
72
72
93
86
91
69
65
67
66
77
73
70
92
67
67
69
83
73
79
86
94
85
86
87
92
89
84
74
55
55
85
91
80
88
58
58
67
75
68
80
75
72
75
66
113
66
63
132
76
76
72
72
161
67
58
58
93
94
69
84
85
90
88
71
111
74
73
100
56
56
88
88
67
70
70
85
73
71
77
132
82
116
73
70
96
69
91
83
114
86
70
77
76
96
73
64
76
104
91
75
75
82
140
77
88
68
72
96
110
82
81
68
79
62
62
125
160
81
96
73
74
89
98
91
98
67
67
68
89
71
85
76
76
96
123
69
124
106
96
102
63
127
80
78
72
75
70
133
66
66
90
94
89
85
78
88
80
87
90
72
73
83
87
89
78
68
71
70
70
83
75
89
77
101
76
81
70
85
76
91
89
100
65
105
69
69
89
61
61
79
78
74
87
86
74
65
71
55
55
81
72
74
64
71
75
61
61
78
94
89
93
99
87
76
76
67
67
74
59
59
79
84
82
65
92
97
70
90
95
80
68
93
68
78
90
82
64
71
67
75
69
114
95
103
79
66
72
80
81
72
72
74
83
57
57
108
94
77
70
86
65
115
72
77
84
81
82
68
85
85
108
79
88
70
71
95
84
75
67
76
86
75
73
67
79
74
65
86
77
70
81
82
75
72
104
79
87
90
67
79
58
58
76
66
68
122
71
81
117
133
122
74
74
69
100
71
88
78
61
101
78
68
71
93
78
83
77
64
71
81
67
78
138
139
99
80
90
86
91
73
77
81
78
63
94
76
77
91
83
89
68
68
64
64
98
68
68
85
75
65
90
95
70
81
98
80
72
71
100
65
95
63
66
80
87
77
65
62
118
65
89
92
80
69
66
71
66
75
101
75
85
72
72
70
73
59
59
83
85
64
71
94
85
78
73
76
61
60
60
73
85
92
75
78
91
73
71
67
71
73
80
152
84
103
83
78
79
88
71
80
75
75
59
59
65
75
69
74
74
85
81
97
83
62
79
81
79
81
68
104
85
71
80
74
76
59
59
82
134
152
71
102
149
117
78
83
73
71
70
70
78
58
58
74
64
60
63
63
72
77
61
61
75
71
76
67
81
75
77
87
83
84
105
99
68
64
152
82
78
82
64
76
77
76
128
124
94
77
74
74
86
79
87
80
65
79
66
89
85
74
83
82
96
81
74
72
72
61
62
62
82
77
65
98
76
75
87
88
84
63
79
75
83
88
91
107
133
66
77
76
73
68
74
81
69
88
76
118
98
75
78
65
55
55
66
81
63
70
105
74
74
60
69
68
68
74
69
62
62
88
78
78
67
90
63
63
67
72
71
77
69
80
62
67
87
74
86
88
82
140
125
71
74
100
88
71
66
110
85
66
69
109
72
91
95
76
79
67
67
69
78
81
65
73
99
65
66
68
69
72
69
83
76
80
70
74
79
89
84
70
70
79
72
79
86
83
67
67
82
66
76
89
70
82
93
84
77
69
68
77
78
90
64
79
78
89
74
75
72
62
67
59
59
85
83
78
70
104
60
74
74
66
63
83
72
85
108
93
77
71
101
74
80
70
88
85
68
71
61
61
94
69
144
115
80
80
74
106
92
93
87
65
73
69
67
68
83
71
83
83
134
110
76
72
72
72
61
64
75
82
68
65
72
70
59
59
68
68
74
82
97
72
100
85
66
66
86
72
70
78
80
70
72
84
71
143
116
57
57
80
67
65
65
70
70
71
82
70
64
84
70
70
71
82
77
63
84
70
65
65
68
79
79
63
79
75
61
61
76
80
74
70
68
67
67
128
129
79
77
79
78
72
64
64
72
86
87
73
73
107
106
88
80
69
83
75
67
89
66
94
88
80
113
67
73
68
75
78
70
75
70
85
75
84
62
68
59
59
81
65
85
74
87
75
102
68
72
84
71
69
96
74
74
68
75
75
81
85
64
58
58
65
88
71
71
92
86
60
77
59
59
132
81
65
95
75
85
62
73
81
101
125
83
64
94
83
71
108
68
68
93
64
63
63
142
130
63
63
75
75
79
101
74
72
82
66
66
67
67
92
74
90
65
65
71
76
82
75
72
118
73
67
76
84
86
70
84
71
85
70
81
66
81
58
58
80
63
59
59
77
90
76
66
59
59
74
126
73
84
69
69
87
75
77
66
67
72
68
77
80
64
60
69
77
77
66
82
84
83
66
95
65
80
64
70
100
77
75
86
81
85
73
78
73
78
76
80
81
77
69
77
82
72
100
104
78
68
102
82
74
75
65
65
65
69
105
62
85
61
64
87
73
84
68
80
99
88
79
83
100
79
71
79
86
58
58
73
82
71
69
77
62
62
87
74
69
76
99
59
96
87
85
67
127
103
72
75
99
85
92
80
81
78
114
77
78
87
69
69
74
71
90
81
72
72
71
80
68
82
96
64
67
67
94
154
121
72
72
72
72
251
251
376
257
144
71
78
83
63
76
82
71
81
60
60
74
119
66
66
88
66
64
64
86
69
79
72
72
179
179
80
71
91
92
80
69
66
74
74
74
139
84
70
101
85
113
67
67
67
68
74
74
101
75
76
73
149
99
69
69
79
83
81
78
84
80
81
87
72
74
83
100
72
147
107
75
74
64
90
86
70
67
67
82
76
88
68
76
70
83
73
72
77
70
75
113
85
65
61
91
85
74
86
83
69
70
75
84
69
76
78
86
105
62
70
83
75
74
65
64
112
102
62
62
63
69
89
90
68
108
86
84
67
68
62
71
66
77
78
84
67
63
63
70
96
72
82
76
85
71
84
87
89
77
75
75
78
66
73
75
126
122
85
81
78
78
73
64
71
63
97
63
73
68
70
68
78
85
81
80
87
73
75
84
64
83
89
74
72
93
65
65
79
82
61
92
74
87
74
69
77
145
145
115
85
77
94
82
84
78
66
74
83
66
114
74
82
83
79
66
66
60
60
75
70
74
71
102
84
69
102
78
80
72
81
74
78
74
67
98
110
138
120
78
113
72
88
62
75
80
84
74
76
76
90
86
78
80
58
88
93
64
71
76
102
80
69
57
57
91
88
74
81
109
112
84
74
74
75
75
81
89
66
57
57
66
66
75
69
69
69
69
70
70
90
65
77
84
82
89
67
84
70
75
66
69
103
88
79
85
68
69
55
55
80
75
70
91
99
75
79
68
68
57
57
86
66
64
64
66
74
91
79
62
62
62
71
83
76
68
83
74
87
75
82
70
72
75
82
75
86
96
74
95
116
70
66
70
69
77
82
70
135
85
89
93
76
130
85
79
68
76
75
93
64
64
99
65
106
91
71
81
84
84
81
64
80
77
74
163
142
60
60
71
78
75
72
86
69
108
83
85
64
71
73
96
89
74
90
90
143
100
66
78
74
77
72
82
68
70
69
85
92
80
80
121
103
83
95
72
85
92
81
71
102
82
97
73
85
62
62
93
65
65
77
75
73
109
80
84
75
80
87
103
95
82
81
80
74
76
81
74
109
73
91
91
67
71
85
83
73
83
78
86
78
82
86
109
125
92
86
99
91
76
82
78
101
96
73
69
81
127
83
88
127
70
80
69
79
83
153
153
91
61
61
90
82
83
87
89
89
123
73
82
92
88
89
83
82
84
70
70
88
81
82
83
62
62
80
68
68
69
66
88
92
99
70
70
73
85
69
73
72
72
122
79
78
80
81
66
66
110
93
62
83
96
79
72
100
75
93
89
71
99
79
109
80
86
70
82
89
66
97
65
81
96
132
134
67
96
61
61
98
101
138
118
77
75
84
100
80
80
81
66
71
104
135
79
98
107
73
79
80
77
74
85
108
71
75
77
81
72
93
97
97
196
191
191
343
343
340
340
139
86
110
92
111
119
71
65
100
90
73
79
97
74
81
81
71
71
74
106
90
94
94
112
92
77
68
79
104
85
83
75
90
78
72
87
68
96
81
118
103
84
68
137
74
105
78
75
102
94
66
70
69
67
77
112
93
70
70
93
72
63
79
83
99
109
72
91
86
68
80
79
91
115
124
70
85
87
94
78
67
73
74
85
74
81
95
89
110
82
91
69
77
85
80
85
86
101
72
85
83
92
75
104
87
97
92
93
73
106
77
61
71
82
61
82
77
91
100
71
74
82
78
74
73
66
90
89
73
75
73
82
69
95
92
88
74
71
82
92
92
91
131
93
100
132
73
63
66
88
80
74
129
78
68
77
67
59
59
67
75
73
85
71
71
74
80
68
90
72
69
91
124
67
90
91
73
63
77
66
69
77
148
147
76
88
86
86
80
61
61
61
75
81
74
86
72
65
63
65
65
95
92
97
78
75
87
69
84
87
81
115
84
64
78
126
81
56
56
57
57
70
76
88
85
78
84
76
71
64
78
80
88
67
79
62
83
74
96
64
64
118
81
73
65
109
72
77
71
69
73
85
73
69
76
69
72
72
75
80
77
68
77
80
70
78
74
68
91
86
72
93
71
78
114
114
86
97
94
75
67
101
67
67
76
71
93
92
147
126
126
72
108
105
82
91
71
100
79
65
65
71
72
68
103
82
71
101
87
80
78
77
83
93
84
75
78
110
67
67
87
61
61
65
63
69
69
71
71
78
115
60
60
86
65
56
56
77
106
56
56
76
70
85
67
67
139
76
61
69
72
63
81
77
91
71
76
61
90
105
89
87
75
76
90
75
81
78
72
66
66
76
102
79
71
76
68
64
69
69
75
82
70
99
73
77
78
99
84
76
72
73
86
86
94
73
77
66
83
90
65
74
81
78
60
60
70
75
64
110
86
76
79
88
80
80
62
62
70
65
65
98
65
65
72
92
79
92
74
77
65
94
72
87
101
71
76
76
68
68
80
91
72
72
74
74
74
84
115
81
65
87
90
85
76
86
127
76
66
66
64
94
81
77
92
67
67
90
78
63
93
78
75
78
77
77
107
80
97
87
85
73
71
83
91
92
70
62
62
101
72
70
72
89
91
71
78
75
76
74
70
74
71
78
74
75
97
79
61
61
79
90
84
71
59
59
77
70
70
89
88
74
67
80
104
85
71
71
90
70
62
96
86
72
73
74
93
69
65
78
71
69
70
71
70
70
71
72
73
85
89
69
73
93
92
85
77
77
77
77
77
77
77
77
77
77
77
77
77
1150
1150
1150
1150
1150
1150
1150
1150
1150
1150
1150
1150
1150
1150
1150
1150
1150
1150
1150
1150
1150
1150
1150
1150
1150
1150
1150
1150
1150
1150
1150
1150
1150
1150
1150
1150
1150
1150
1150
1150
1150
1150
1150
1150
1150
1150
1150
1150
1150
1150
1150
1150
1150
1150
1150
1150
1150
1150
1150
1150
1150
1150
1150
1150
1150
1150
1150
1150
1150
1150
1150
1150
1150
1150
1150
1150
1150
1150
1150
1150
1150
1150
1150
1150
1150
1150
1150
1150
1150
1150
1150
1150
1150
1150
1150
1150
1150
1150
1150
1150
1150
1150
1150
1150
1150
1150
1150
1150
1150
1150
1150
1150
1150
1150
1150
1150
1150
1150
1150
1150
1150
1150
1150
1150
1150
1150
1150
1150
1150
1150
1150
1150
1150
1150
1150
1150
1150
1150
1150
1150
1150
1150
1150
1150
1150
1150
1150
1150
1150
1150
1150
1150
1150
1150
1150
1150
1150
1150
1150
1150
1150
1150
1150
1150
1150
1150
1150
1150
1150
1150
1150
1150
1150
1150
1150
1150
1150
1150
1150
1150
1150
1150
1150
1150
1150
1150
1150
1150
1150
1150
1150
1150
1150
1150
1150
1150
1150
1150
1150
1150
1150
1150
1150
1150
1150
1150
1150
1150
1150
1150
1150
1150
1150
1150
1150
1150
1150
1150
1150
1150
1150
1150
1150
1150
1150
1150
1150
1150
