0
69
121
130
74
64
125
104
69
77
80
82
78
74
82
79
74
116
131
82
82
104
99
100
81
117
123
93
84
85
77
77
73
79
91
76
73
127
87
61
85
90
77
79
102
117
121
121
101
82
87
100
80
78
84
74
77
77
70
67
90
84
114
102
91
78
93
74
78
84
83
66
66
72
100
82
83
79
79
100
82
87
76
80
74
81
73
75
78
69
70
64
64
91
70
84
69
80
65
107
79
74
93
79
66
108
75
84
67
67
66
77
82
74
81
87
64
64
107
97
78
84
74
72
74
93
91
97
109
76
65
65
74
76
82
76
77
69
71
85
60
60
76
121
70
70
71
71
80
73
71
79
70
70
92
88
91
101
80
86
86
75
86
77
72
85
93
97
77
100
82
72
78
86
70
77
108
80
73
78
89
65
65
76
75
85
70
70
82
67
78
69
86
76
66
66
98
67
64
59
65
85
85
68
75
66
80
88
85
73
78
96
84
93
70
70
70
81
81
98
99
70
70
79
84
78
74
90
77
80
67
77
76
65
65
77
67
70
80
66
66
71
87
83
69
64
62
62
88
67
80
94
72
68
77
74
85
75
97
91
75
64
84
68
95
61
91
75
68
68
79
69
87
97
76
81
69
71
97
79
85
74
81
76
81
106
75
66
90
51
51
74
75
78
108
94
60
101
70
101
79
80
76
83
85
81
79
74
68
86
76
82
108
63
73
106
88
88
183
147
93
134
93
74
72
62
62
88
67
86
79
86
70
69
69
160
126
84
69
154
84
87
84
83
72
77
77
105
105
207
207
207
385
122
67
103
95
96
76
79
79
68
63
83
107
89
64
93
77
68
95
81
90
55
55
63
71
78
94
85
118
71
70
95
69
73
60
60
71
84
73
77
97
65
88
79
71
87
115
86
85
91
79
79
69
82
71
69
71
84
77
71
83
74
79
66
87
67
91
79
86
106
89
81
74
80
92
62
62
81
68
91
95
86
78
86
68
100
79
70
82
103
82
74
91
109
56
56
95
70
76
76
100
83
76
63
63
74
69
69
76
61
76
81
90
69
82
98
71
95
86
94
104
77
83
89
105
73
64
84
106
64
101
74
87
71
81
66
72
69
93
71
63
88
74
121
76
79
60
60
79
69
79
78
78
79
69
91
98
69
79
75
78
76
87
82
76
63
85
75
83
83
92
91
86
63
71
78
73
68
80
81
83
81
89
92
96
109
78
83
80
84
66
104
73
78
115
106
105
114
98
87
72
75
76
96
95
68
87
80
73
83
92
118
143
92
94
62
91
83
64
68
74
81
74
96
75
84
73
74
81
92
78
88
65
96
99
75
78
93
113
85
107
89
119
72
66
75
86
70
87
77
88
74
115
67
62
62
82
77
86
76
74
108
75
74
75
94
67
98
89
73
73
71
85
82
76
84
78
67
126
84
74
81
60
60
77
75
119
76
65
81
70
91
79
68
82
95
79
68
98
83
87
66
75
69
76
115
64
70
78
123
91
81
78
73
93
93
74
79
86
90
80
71
86
76
87
78
81
84
89
76
81
114
65
104
67
74
82
95
86
91
86
78
66
65
76
75
84
97
93
77
76
64
62
62
73
91
76
116
118
83
77
77
66
84
73
60
60
85
74
86
67
100
92
78
65
85
65
100
69
60
60
103
82
78
91
93
69
100
77
65
98
94
71
70
85
95
89
73
128
75
88
99
73
69
72
80
75
113
107
76
85
88
88
111
86
76
68
76
60
60
76
60
80
72
82
93
97
93
58
58
83
80
66
75
77
116
77
103
86
81
68
89
87
77
78
88
79
78
84
68
71
82
138
89
88
57
57
130
94
85
83
75
80
86
106
80
69
60
60
79
93
69
69
101
114
126
112
91
76
105
94
82
99
71
69
68
86
66
82
70
68
144
88
65
76
76
70
57
57
82
74
73
75
108
87
76
73
71
87
73
80
89
95
94
76
71
93
105
65
65
66
66
88
75
72
68
76
96
75
82
120
103
75
84
74
68
81
82
99
89
84
82
78
74
79
87
77
87
64
90
74
97
70
63
72
78
69
90
89
81
91
94
83
78
83
85
64
66
64
64
90
76
98
78
84
87
78
83
67
60
60
76
79
86
95
97
111
75
75
127
76
69
69
73
132
96
84
123
78
78
91
82
63
76
79
93
75
77
92
78
91
96
76
74
72
126
88
126
163
163
163
325
325
325
325
146
99
76
81
85
72
72
75
79
81
92
98
77
94
80
77
75
60
60
82
62
79
97
81
87
82
88
77
71
82
71
75
78
82
78
91
74
64
65
86
77
102
87
58
58
83
64
90
84
69
65
101
121
86
79
83
88
62
87
69
93
74
67
69
86
101
104
83
70
84
102
86
81
77
67
77
78
81
105
89
80
61
73
87
76
75
81
83
97
81
67
76
107
70
89
72
90
70
60
60
92
73
70
89
81
115
90
93
78
72
107
84
82
75
87
103
76
103
105
78
87
76
86
82
80
78
97
81
90
78
76
81
74
96
76
81
78
65
80
69
80
77
102
83
101
156
125
78
91
101
62
62
74
62
69
75
86
83
86
98
67
67
94
77
70
86
73
84
71
91
93
107
81
67
89
62
76
74
69
80
65
72
79
65
84
89
93
100
69
86
94
62
62
87
70
81
68
101
106
74
92
104
74
74
89
66
112
85
82
96
95
74
72
67
89
77
90
70
92
84
85
70
80
80
112
76
61
73
91
75
70
100
65
70
83
77
86
102
95
68
84
66
72
76
82
79
78
67
69
73
98
66
75
69
75
78
87
81
92
83
73
94
88
89
81
75
94
84
81
71
71
121
76
74
73
71
125
154
63
63
77
83
80
83
75
83
80
87
83
93
144
100
68
75
80
81
105
82
80
104
84
81
97
95
79
74
82
83
76
120
80
83
69
77
86
78
74
73
76
74
75
81
80
99
63
63
76
67
82
153
96
81
77
94
68
72
94
67
90
87
81
89
62
62
71
67
69
121
63
85
85
135
97
77
88
123
70
82
89
69
70
81
72
70
96
89
93
90
98
72
72
75
71
92
75
73
81
66
57
57
117
90
88
56
56
93
135
85
85
93
57
57
76
90
132
103
85
83
61
72
82
77
81
105
73
76
74
77
59
59
71
121
88
86
71
67
74
62
62
85
116
88
67
98
69
86
72
68
85
81
72
90
86
78
73
114
86
80
92
70
97
78
84
70
67
67
68
75
87
89
74
69
88
70
53
53
123
91
92
114
71
73
68
71
84
62
91
85
84
82
81
86
77
69
99
119
63
63
105
82
78
61
80
75
65
66
66
62
93
73
118
69
79
74
94
69
107
63
56
56
84
75
131
95
63
65
65
71
91
72
83
102
78
63
80
81
85
81
84
90
64
83
96
106
95
114
66
70
54
54
89
76
96
83
77
70
71
65
72
70
74
94
85
77
56
56
74
80
67
67
76
80
78
80
116
73
75
76
95
96
124
84
93
83
73
86
77
103
75
74
76
73
75
73
94
74
79
71
123
75
113
105
105
185
126
64
69
91
85
83
80
91
83
76
104
71
96
76
84
87
76
84
74
95
86
82
64
95
93
75
82
82
144
144
159
155
178
182
209
159
97
102
71
76
71
76
64
119
83
67
75
79
77
77
119
79
142
85
101
91
94
79
80
69
65
90
89
74
109
82
68
68
84
73
56
56
78
55
60
60
66
81
75
74
66
75
79
87
128
59
59
85
73
72
88
61
75
91
86
97
81
101
70
87
85
81
73
78
101
81
87
74
83
82
72
79
83
92
86
86
82
116
68
102
84
74
72
91
80
81
88
72
86
84
138
88
88
115
71
76
77
84
92
74
68
114
74
133
110
90
81
101
67
71
84
95
99
64
81
79
79
110
81
82
91
78
85
72
80
86
73
69
82
81
83
86
85
78
74
74
76
83
69
75
105
74
77
71
93
85
84
85
70
74
77
53
61
61
80
97
92
80
84
76
87
122
99
78
84
59
59
66
73
65
93
102
73
74
80
83
85
68
70
77
68
75
74
81
106
69
67
77
76
65
72
76
69
78
80
77
84
128
88
78
78
84
86
74
92
90
85
91
91
76
87
91
68
67
65
80
92
80
84
97
75
67
98
111
82
94
75
98
82
116
88
91
72
77
94
91
89
90
74
82
81
88
87
71
77
80
80
74
82
89
78
82
67
91
67
79
91
83
77
75
76
66
94
78
115
66
66
86
83
64
64
80
90
82
71
87
73
114
75
92
83
93
67
66
71
65
81
117
93
93
90
80
75
88
108
77
62
62
91
78
84
77
77
136
96
75
105
65
83
79
81
89
77
79
77
78
76
71
78
79
72
97
81
78
66
98
96
76
70
81
87
90
81
68
94
65
73
75
90
69
89
69
82
80
80
71
70
101
65
80
60
60
64
87
76
88
91
94
67
91
74
87
91
96
72
72
75
96
92
77
74
69
87
66
68
76
73
58
58
94
70
112
92
84
120
68
68
79
81
82
90
88
84
76
78
80
69
91
71
75
85
74
81
70
90
87
74
81
58
58
121
71
89
70
66
77
71
75
98
85
76
137
78
83
78
81
71
112
88
100
65
63
63
86
85
65
79
79
71
86
87
77
74
76
84
71
76
83
85
69
115
77
111
60
66
66
119
68
75
108
85
61
68
71
73
90
84
72
71
85
71
84
74
112
74
120
110
103
121
77
136
81
107
85
78
72
77
81
65
85
95
78
66
78
75
67
82
83
98
77
71
63
79
81
93
84
70
63
73
91
79
74
91
87
82
71
127
68
83
64
64
88
88
79
76
92
93
77
86
78
74
61
61
93
68
104
77
94
72
92
62
62
66
152
70
98
76
72
75
80
71
76
77
67
72
87
90
95
82
78
74
118
85
75
72
80
87
63
63
203
94
68
69
72
84
64
64
69
73
62
62
213
114
94
125
92
101
75
71
68
76
69
82
92
74
71
100
95
73
74
79
82
77
108
80
92
95
86
68
115
76
73
73
158
158
158
382
241
122
124
91
57
57
90
69
91
79
80
72
94
94
100
69
69
76
68
106
76
92
101
75
78
72
78
67
80
83
100
91
101
87
84
75
111
111
115
92
84
81
91
89
117
91
95
82
68
83
68
77
55
55
84
88
77
91
84
106
93
85
72
72
86
80
77
83
89
78
88
79
86
69
67
81
64
80
85
68
69
69
72
69
72
102
106
98
151
151
132
125
72
76
73
73
85
89
79
78
63
82
93
69
71
94
71
94
71
80
62
62
103
70
83
79
85
107
107
116
77
85
72
97
64
88
84
64
81
59
59
63
89
72
63
63
104
79
83
77
68
62
62
71
121
101
71
81
81
75
79
104
104
151
125
104
116
116
89
101
101
85
67
83
75
91
80
82
75
81
82
120
83
78
82
86
81
71
76
88
79
79
72
75
71
81
76
85
101
76
79
85
108
94
73
107
67
144
83
76
70
85
75
77
77
145
89
68
65
65
91
94
89
68
75
64
116
69
107
97
82
88
89
77
87
71
72
75
82
83
83
86
86
87
121
109
122
75
76
71
84
67
67
79
88
70
79
84
91
79
99
80
77
82
92
80
85
74
75
75
68
81
66
96
80
84
75
86
80
94
77
61
117
68
64
75
89
66
79
90
88
71
96
70
105
103
66
99
96
83
71
61
69
81
71
79
76
113
101
156
85
71
75
69
69
87
67
87
94
92
86
86
81
80
119
75
83
72
77
88
80
71
71
63
98
69
76
69
81
68
63
71
71
94
74
84
69
73
104
86
78
88
84
67
82
85
68
70
85
76
93
105
82
96
68
88
85
71
76
63
86
79
81
89
126
79
76
79
87
99
96
82
74
84
67
74
66
82
88
86
85
80
92
86
76
98
67
98
81
79
79
89
79
78
87
68
72
92
62
75
76
81
84
77
66
62
62
83
66
78
107
73
115
67
75
79
78
105
94
77
87
70
85
89
84
84
61
78
89
90
104
99
83
81
66
66
91
70
74
90
69
75
57
57
110
72
74
73
88
82
116
76
75
74
72
78
75
75
58
58
68
79
88
68
100
104
80
66
79
78
93
72
85
91
83
90
75
75
84
75
86
60
74
104
68
98
68
65
65
57
57
86
69
79
80
105
82
124
89
115
80
96
59
59
66
89
77
75
68
95
96
93
65
74
78
75
66
82
73
84
87
76
71
72
91
92
71
71
71
80
82
82
80
78
85
76
78
90
76
78
67
67
74
79
72
71
87
73
74
83
91
75
81
87
70
85
76
93
70
70
73
89
90
153
65
63
64
87
76
85
80
78
84
92
71
77
95
66
73
95
70
63
71
71
81
102
135
95
106
106
132
80
118
72
96
93
92
75
81
86
80
67
90
84
91
69
94
64
61
78
94
89
68
113
81
75
65
65
65
258
322
322
269
326
326
326
326
62
62
78
65
65
97
71
77
72
68
68
74
81
78
64
78
83
73
66
91
84
84
84
123
67
78
82
86
92
79
90
78
80
75
77
78
73
68
92
72
76
70
81
98
71
111
103
93
82
85
89
108
87
68
73
73
98
88
66
69
76
76
56
56
81
76
84
72
73
76
114
114
84
65
73
80
76
72
76
66
82
103
84
91
67
88
85
109
83
78
69
84
78
74
82
83
107
99
82
73
82
83
76
73
83
81
93
95
73
86
111
108
66
83
69
71
85
71
88
78
121
109
81
80
68
84
79
66
78
97
57
59
59
69
80
81
73
74
91
81
83
66
63
63
89
94
98
75
105
79
76
88
69
71
64
85
83
80
73
127
74
89
104
75
78
107
117
81
83
57
57
65
73
74
82
109
70
64
92
75
86
81
69
56
56
71
86
92
92
69
89
78
89
73
84
78
136
93
76
87
131
117
65
65
95
73
130
97
77
73
84
69
82
92
76
103
87
72
70
78
84
69
87
68
96
76
79
69
85
84
86
77
73
78
59
59
79
132
77
86
74
77
104
91
62
62
77
99
82
68
67
74
85
88
71
86
82
69
83
76
90
72
72
62
83
117
101
73
64
118
69
70
73
72
82
71
71
119
74
72
75
82
91
63
73
80
66
75
86
84
80
68
84
71
72
103
88
66
83
63
76
82
57
57
72
74
67
77
76
101
71
68
70
94
70
63
82
83
85
71
80
85
76
84
73
74
74
69
74
78
96
77
82
87
59
59
126
70
76
85
81
72
87
74
79
88
73
74
80
87
79
68
81
77
70
78
56
56
88
97
80
65
126
78
104
86
87
72
68
79
72
75
68
96
81
67
75
77
63
82
74
74
71
71
68
73
68
94
87
111
64
74
65
78
75
75
86
80
67
96
75
62
54
54
65
84
77
78
107
68
68
97
76
72
83
91
136
79
62
62
91
68
80
75
75
119
72
86
69
91
83
84
79
76
73
75
80
75
96
84
77
75
110
64
64
86
84
129
71
73
70
113
92
75
75
106
79
72
71
96
71
77
78
75
72
64
82
76
79
79
81
59
59
81
78
73
83
78
82
91
69
72
88
87
86
63
79
63
63
64
72
85
90
87
79
75
82
83
76
86
78
72
88
77
78
74
85
79
79
76
68
71
74
82
89
67
66
72
83
68
74
77
90
73
65
77
87
76
73
70
70
76
88
76
72
93
92
93
92
94
104
83
84
67
104
61
70
77
98
85
81
88
68
132
86
82
71
62
59
59
80
75
111
79
73
78
77
83
79
63
93
86
62
73
103
109
87
82
73
90
70
94
94
161
123
73
89
121
101
73
78
98
92
99
92
102
87
82
81
70
91
115
88
74
83
71
116
106
101
78
73
69
74
72
89
89
89
336
336
424
224
195
195
195
195
195
195
195
195
195
195
195
195
195
195
195
195
195
195
195
195
195
195
195
195
195
195
195
195
195
195
195
195
195
195
195
195
195
195
195
195
195
195
195
195
195
195
195
195
195
195
195
195
195
195
195
195
195
195
195
195
195
195
195
195
195
195
195
195
195
195
195
195
195
195
195
195
195
195
195
195
195
195
195
195
195
195
195
195
195
195
195
195
195
195
195
195
195
195
195
195
195
195
195
195
195
195
195
195
195
195
195
195
195
195
195
195
195
195
195
195
195
195
195
195
195
195
195
195
195
195
195
195
195
195
195
195
195
195
195
195
195
195
195
195
195
195
195
195
195
195
195
195
195
195
195
195
195
195
195
195
195
195
195
195
195
195
195
195
195
195
195
195
195
195
195
195
195
195
195
195
195
195
195
195
195
195
195
195
195
195
195
195
195
195
195
195
195
195
195
195
195
195
195
195
195
195
195
195
195
195
195
195
195
195
195
195
195
195
195
195
195
195
195
195
195
195
195
195
195
195
195
195
195
195
195
195
195
195
195
195
195
195
195
195
195
195
195
195
195
195
195
195
195
195
195
195
195
195
195
195
195
195
195
195
195
195
195
195
195
195
195
195
195
195
195
195
195
195
195
195
195
195
195
195
195
195
195
195
195
195
195
195
195
195
195
195
195
195
195
195
195
195
195
195
195
195
195
195
195
195
195
195
195
195
195
195
195
195
195
195
195
195
195
195
195
195
195
195
195
195
195
195
195
195
195
195
195
195
195
195
195
195
195
195
195
195
195
195
195
195
195
195
195
195
195
195
195
195
195
195
195
195
195
195
195
195
195
195
195
195
195
195
195
195
195
195
195
195
195
195
195
195
195
195
195
195
195
195
195
195
195
195
195
195
195
195
195
195
195
195
195
195
195
195
195
195
195
195
195
195
195
195
195
195
195
195
195
195
195
195
195
195
195
195
195
195
195
195
195
195
195
195
195
195
195
195
195
195
195
195
195
195
195
195
195
195
195
195
195
195
195
195
195
195
195
195
195
195
195
195
195
195
195
195
195
195
195
195
195
195
195
195
195
195
195
195
195
195
195
195
195
195
195
195
195
195
195
195
195
195
195
195
195
195
195
195
195
195
195
195
195
195
195
195
195
195
195
195
195
195
195
195
195
195
195
195
195
195
195
195
195
195
195
195
195
195
195
195
195
195
195
195
195
195
195
195
195
195
195
195
195
195
195
195
195
195
195
195
195
195
195
195
195
195
195
195
195
195
195
195
195
195
195
195
195
195
195
195
195
195
195
195
195
195
195
195
195
195
195
195
195
195
195
195
195
195
195
195
195
195
195
195
195
195
195
195
195
195
195
195
195
195
195
195
195
195
195
195
195
195
195
195
195
195
195
195
195
195
195
195
195
195
195
195
195
195
195
195
195
195
195
195
195
195
195
195
195
195
195
195
195
195
195
195
195
195
195
195
195
195
195
195
195
195
195
195
195
195
195
195
195
195
195
195
195
195
195
195
195
195
195
195
195
195
195
195
195
195
195
195
195
195
195
195
195
195
195
195
195
195
195
195
195
195
195
195
195
195
195
195
195
195
195
195
195
195
195
195
195
195
195
195
195
195
195
195
195
195
195
195
195
195
195
195
195
195
195
